0 0.331055 0.535156 0.048828 0.171875
0 0.321289 0.335938 0.060547 0.171875
0 0.366211 0.310547 0.076172 0.175781
0 0.683594 0.560547 0.046875 0.183594
0 0.673828 0.363281 0.070312 0.164062
0 0.582031 0.289062 0.074219 0.171875
0 0.638672 0.308594 0.062500 0.171875
0 0.409180 0.513672 0.029297 0.167969
0 0.436523 0.509766 0.029297 0.183594
2 0.458008 0.515625 0.025391 0.210938
2 0.518555 0.496094 0.021484 0.164062
0 0.580078 0.533203 0.031250 0.175781
0 0.607422 0.542969 0.031250 0.187500
0 0.646484 0.550781 0.046875 0.203125
