0 0.304688 0.517578 0.054688 0.175781
0 0.698242 0.527344 0.056641 0.171875
0 0.624023 0.548828 0.033203 0.136719
0 0.594727 0.546875 0.033203 0.148438
0 0.576172 0.699219 0.042969 0.179688
0 0.379883 0.541016 0.029297 0.152344
0 0.406250 0.542969 0.027344 0.148438
2 0.352539 0.708984 0.056641 0.175781
2 0.394531 0.699219 0.039062 0.171875
2 0.430664 0.691406 0.037109 0.187500
2 0.343750 0.521484 0.035156 0.191406
2 0.482422 0.533203 0.027344 0.175781
2 0.511719 0.537109 0.023438 0.175781
2 0.650391 0.703125 0.035156 0.156250
2 0.611328 0.707031 0.039062 0.164062
2 0.431641 0.519531 0.035156 0.195312
