0 0.733398 0.333984 0.072266 0.152344
2 0.304688 0.365234 0.082031 0.144531
2 0.359375 0.314453 0.074219 0.160156
0 0.707031 0.500000 0.054688 0.171875
0 0.661133 0.496094 0.033203 0.171875
0 0.631836 0.458984 0.025391 0.113281
0 0.602539 0.464844 0.033203 0.132812
2 0.574219 0.470703 0.023438 0.167969
2 0.543945 0.460938 0.033203 0.187500
2 0.392578 0.466797 0.042969 0.152344
0 0.418945 0.439453 0.029297 0.136719
2 0.467773 0.277344 0.033203 0.187500
0 0.438477 0.320312 0.029297 0.093750
0 0.414062 0.324219 0.027344 0.085938
2 0.447266 0.449219 0.031250 0.148438
0 0.507812 0.292969 0.023438 0.179688
0 0.573242 0.300781 0.009766 0.164062
0 0.546875 0.294922 0.015625 0.152344
0 0.561523 0.302734 0.009766 0.152344
0 0.529297 0.304688 0.019531 0.140625
