0 0.266602 0.333984 0.072266 0.152344
2 0.695312 0.365234 0.082031 0.144531
2 0.640625 0.314453 0.074219 0.160156
0 0.292969 0.500000 0.054688 0.171875
0 0.338867 0.496094 0.033203 0.171875
0 0.368164 0.458984 0.025391 0.113281
0 0.397461 0.464844 0.033203 0.132812
2 0.425781 0.470703 0.023438 0.167969
2 0.456055 0.460938 0.033203 0.187500
2 0.607422 0.466797 0.042969 0.152344
0 0.581055 0.439453 0.029297 0.136719
2 0.532227 0.277344 0.033203 0.187500
0 0.561523 0.320312 0.029297 0.093750
0 0.585938 0.324219 0.027344 0.085938
2 0.552734 0.449219 0.031250 0.148438
0 0.492188 0.292969 0.023438 0.179688
0 0.426758 0.300781 0.009766 0.164062
0 0.453125 0.294922 0.015625 0.152344
0 0.439453 0.302734 0.007812 0.152344
0 0.470703 0.304688 0.019531 0.140625
