0 0.693359 0.615234 0.066406 0.167969
0 0.644531 0.623047 0.054688 0.183594
0 0.359375 0.650391 0.046875 0.191406
0 0.313477 0.652344 0.048828 0.187500
2 0.669922 0.414062 0.046875 0.171875
2 0.711914 0.419922 0.044922 0.167969
0 0.397461 0.662109 0.029297 0.214844
0 0.335938 0.453125 0.054688 0.171875
0 0.607422 0.634766 0.031250 0.191406
0 0.633789 0.412109 0.021484 0.183594
0 0.292969 0.451172 0.046875 0.167969
0 0.425781 0.650391 0.031250 0.191406
0 0.580078 0.625000 0.027344 0.187500
0 0.606445 0.419922 0.033203 0.183594
0 0.375977 0.443359 0.029297 0.191406
