0 0.693359 0.384766 0.066406 0.167969
0 0.644531 0.376953 0.054688 0.183594
0 0.359375 0.349609 0.046875 0.191406
0 0.313477 0.347656 0.048828 0.187500
2 0.669922 0.585938 0.046875 0.171875
2 0.711914 0.580078 0.044922 0.167969
0 0.397461 0.337891 0.029297 0.214844
0 0.335938 0.546875 0.054688 0.171875
0 0.607422 0.365234 0.031250 0.191406
0 0.633789 0.587891 0.021484 0.183594
0 0.292969 0.548828 0.046875 0.167969
0 0.425781 0.349609 0.031250 0.191406
0 0.580078 0.375000 0.027344 0.187500
0 0.606445 0.580078 0.033203 0.183594
0 0.375977 0.556641 0.029297 0.191406
