0 0.306641 0.384766 0.066406 0.167969
0 0.355469 0.376953 0.054688 0.183594
0 0.640625 0.349609 0.046875 0.191406
0 0.686523 0.347656 0.048828 0.187500
2 0.330078 0.585938 0.046875 0.171875
2 0.288086 0.580078 0.044922 0.167969
0 0.602539 0.337891 0.029297 0.214844
0 0.664062 0.546875 0.054688 0.171875
0 0.392578 0.365234 0.031250 0.191406
0 0.366211 0.587891 0.021484 0.183594
0 0.707031 0.548828 0.046875 0.167969
0 0.574219 0.349609 0.031250 0.191406
0 0.419922 0.375000 0.027344 0.187500
0 0.393555 0.580078 0.033203 0.183594
0 0.624023 0.556641 0.029297 0.191406
