0 0.678711 0.531250 0.048828 0.148438
0 0.625977 0.517578 0.041016 0.167969
0 0.586914 0.521484 0.041016 0.183594
0 0.726562 0.378906 0.066406 0.140625
0 0.679688 0.337891 0.066406 0.175781
0 0.633789 0.318359 0.048828 0.207031
0 0.592773 0.326172 0.033203 0.175781
0 0.353516 0.501953 0.054688 0.183594
2 0.352539 0.314453 0.044922 0.175781
0 0.300781 0.339844 0.066406 0.164062
0 0.559570 0.347656 0.041016 0.148438
0 0.401367 0.500000 0.037109 0.171875
0 0.412109 0.296875 0.023438 0.210938
0 0.387695 0.298828 0.033203 0.191406
0 0.545898 0.521484 0.037109 0.160156
