0 0.686523 0.580078 0.041016 0.175781
0 0.647461 0.525391 0.033203 0.105469
2 0.615234 0.560547 0.031250 0.183594
0 0.583984 0.517578 0.039062 0.097656
2 0.645508 0.365234 0.056641 0.183594
2 0.329102 0.552734 0.044922 0.191406
2 0.285156 0.558594 0.050781 0.187500
0 0.696289 0.388672 0.060547 0.183594
3 0.335938 0.361328 0.046875 0.175781
0 0.370117 0.333984 0.044922 0.199219
0 0.372070 0.539062 0.041016 0.187500
0 0.608398 0.343750 0.033203 0.210938
2 0.433594 0.539062 0.046875 0.187500
0 0.733398 0.435547 0.048828 0.136719
0 0.240234 0.410156 0.066406 0.164062
