2 0.309570 0.685547 0.056641 0.175781
2 0.337891 0.511719 0.046875 0.171875
2 0.379883 0.496094 0.041016 0.195312
2 0.524414 0.462891 0.041016 0.191406
2 0.624023 0.472656 0.044922 0.171875
2 0.541992 0.658203 0.021484 0.175781
2 0.685547 0.669922 0.058594 0.183594
0 0.751953 0.468750 0.058594 0.171875
0 0.254883 0.509766 0.056641 0.183594
0 0.698242 0.515625 0.052734 0.078125
0 0.657227 0.519531 0.025391 0.078125
0 0.636719 0.671875 0.042969 0.195312
0 0.362305 0.695312 0.041016 0.203125
0 0.306641 0.521484 0.050781 0.167969
0 0.250000 0.666016 0.062500 0.152344
