2 0.613281 0.480469 0.042969 0.210938
2 0.652344 0.701172 0.054688 0.175781
2 0.679688 0.439453 0.050781 0.269531
2 0.563477 0.478516 0.037109 0.246094
2 0.526367 0.482422 0.033203 0.222656
2 0.441406 0.457031 0.031250 0.210938
2 0.414062 0.437500 0.031250 0.210938
2 0.379883 0.431641 0.041016 0.191406
2 0.342773 0.433594 0.041016 0.195312
2 0.357422 0.660156 0.042969 0.179688
2 0.390625 0.683594 0.035156 0.195312
0 0.423828 0.683594 0.035156 0.179688
2 0.585938 0.708984 0.039062 0.160156
0 0.612305 0.675781 0.029297 0.109375
0 0.468750 0.517578 0.031250 0.105469
0 0.494141 0.525391 0.035156 0.121094
