2 0.634766 0.501953 0.035156 0.167969
2 0.660156 0.302734 0.058594 0.183594
0 0.710938 0.488281 0.050781 0.179688
2 0.702148 0.316406 0.056641 0.156250
0 0.392578 0.294922 0.039062 0.199219
0 0.354492 0.357422 0.044922 0.082031
0 0.298828 0.316406 0.070312 0.164062
2 0.379883 0.492188 0.029297 0.171875
0 0.305664 0.490234 0.048828 0.167969
0 0.616211 0.316406 0.033203 0.179688
2 0.667969 0.496094 0.046875 0.187500
0 0.584961 0.320312 0.033203 0.171875
2 0.606445 0.492188 0.021484 0.164062
0 0.405273 0.494141 0.025391 0.167969
0 0.580078 0.507812 0.031250 0.195312
