2 0.365234 0.498047 0.035156 0.167969
2 0.339844 0.697266 0.058594 0.183594
0 0.289062 0.511719 0.050781 0.179688
2 0.297852 0.683594 0.056641 0.156250
0 0.607422 0.705078 0.039062 0.199219
0 0.645508 0.642578 0.044922 0.082031
0 0.701172 0.683594 0.070312 0.164062
2 0.620117 0.507812 0.029297 0.171875
0 0.694336 0.509766 0.048828 0.167969
0 0.383789 0.683594 0.033203 0.179688
2 0.332031 0.503906 0.046875 0.187500
0 0.415039 0.679688 0.033203 0.171875
2 0.393555 0.507812 0.021484 0.164062
0 0.594727 0.505859 0.025391 0.167969
0 0.419922 0.492188 0.031250 0.195312
