0 0.687500 0.429688 0.062500 0.164062
0 0.323242 0.400391 0.064453 0.183594
0 0.642578 0.617188 0.046875 0.210938
0 0.689453 0.615234 0.042969 0.167969
0 0.420898 0.570312 0.041016 0.187500
0 0.406250 0.375000 0.039062 0.171875
0 0.363281 0.388672 0.074219 0.175781
0 0.263672 0.435547 0.070312 0.136719
0 0.309570 0.611328 0.044922 0.199219
0 0.373047 0.589844 0.031250 0.195312
0 0.341797 0.580078 0.027344 0.167969
0 0.392578 0.572266 0.027344 0.175781
2 0.580078 0.589844 0.027344 0.164062
0 0.606445 0.599609 0.033203 0.175781
