2 0.669922 0.283203 0.027344 0.160156
2 0.639648 0.277344 0.037109 0.171875
2 0.669922 0.462891 0.035156 0.160156
2 0.640625 0.472656 0.027344 0.164062
2 0.607422 0.482422 0.035156 0.214844
2 0.539062 0.474609 0.039062 0.183594
0 0.602539 0.306641 0.033203 0.136719
0 0.569336 0.306641 0.033203 0.136719
0 0.574219 0.449219 0.031250 0.132812
0 0.499023 0.455078 0.033203 0.160156
0 0.462891 0.455078 0.035156 0.144531
0 0.424805 0.439453 0.044922 0.144531
0 0.540039 0.308594 0.021484 0.132812
0 0.512695 0.310547 0.029297 0.121094
0 0.453125 0.306641 0.039062 0.144531
0 0.486328 0.314453 0.027344 0.128906
