2 0.634766 0.425781 0.027344 0.218750
2 0.606445 0.423828 0.029297 0.222656
2 0.580078 0.427734 0.023438 0.207031
2 0.514648 0.412109 0.025391 0.214844
2 0.476562 0.414062 0.023438 0.203125
2 0.432617 0.419922 0.029297 0.214844
2 0.406250 0.416016 0.031250 0.207031
2 0.383789 0.408203 0.037109 0.222656
2 0.628906 0.646484 0.058594 0.167969
0 0.675781 0.630859 0.062500 0.160156
0 0.374023 0.636719 0.060547 0.171875
0 0.666992 0.478516 0.037109 0.113281
0 0.558594 0.480469 0.019531 0.093750
0 0.538086 0.480469 0.025391 0.085938
0 0.496094 0.482422 0.015625 0.082031
0 0.455078 0.474609 0.023438 0.082031
0 0.350586 0.468750 0.033203 0.093750
