2 0.568359 0.466797 0.031250 0.207031
0 0.458984 0.462891 0.035156 0.214844
0 0.420898 0.441406 0.044922 0.218750
0 0.279297 0.628906 0.062500 0.164062
0 0.334961 0.650391 0.068359 0.199219
0 0.257812 0.431641 0.054688 0.175781
2 0.487305 0.695312 0.029297 0.187500
0 0.497070 0.464844 0.037109 0.226562
0 0.534180 0.455078 0.037109 0.214844
0 0.602539 0.468750 0.041016 0.218750
2 0.613281 0.689453 0.042969 0.191406
0 0.684570 0.662109 0.068359 0.191406
0 0.703125 0.451172 0.054688 0.175781
0 0.753906 0.443359 0.054688 0.175781
0 0.742188 0.638672 0.078125 0.167969
3 0.354492 0.441406 0.037109 0.164062
3 0.279297 0.625000 0.062500 0.164062
0 0.386719 0.662109 0.042969 0.175781
3 0.742188 0.638672 0.074219 0.167969
3 0.457031 0.679688 0.050781 0.171875
