2 0.377930 0.425781 0.029297 0.187500
2 0.404297 0.439453 0.023438 0.191406
2 0.425781 0.455078 0.023438 0.191406
2 0.450195 0.244141 0.025391 0.144531
2 0.494141 0.261719 0.023438 0.156250
2 0.520508 0.257812 0.025391 0.140625
2 0.517578 0.488281 0.027344 0.195312
2 0.543945 0.470703 0.029297 0.207031
2 0.573242 0.474609 0.037109 0.230469
0 0.608398 0.408203 0.068359 0.167969
0 0.453125 0.431641 0.027344 0.082031
0 0.476562 0.435547 0.023438 0.097656
2 0.541016 0.232422 0.023438 0.105469
0 0.499023 0.437500 0.025391 0.109375
