2 0.622070 0.574219 0.029297 0.187500
2 0.595703 0.560547 0.023438 0.191406
2 0.574219 0.544922 0.023438 0.191406
2 0.549805 0.755859 0.025391 0.144531
2 0.505859 0.738281 0.023438 0.156250
2 0.479492 0.742188 0.025391 0.140625
2 0.482422 0.511719 0.027344 0.195312
2 0.456055 0.529297 0.029297 0.207031
2 0.426758 0.525391 0.037109 0.230469
0 0.391602 0.591797 0.068359 0.167969
0 0.546875 0.568359 0.027344 0.082031
0 0.523438 0.564453 0.023438 0.097656
2 0.458984 0.769531 0.023438 0.101562
0 0.500977 0.562500 0.025391 0.109375
