2 0.723633 0.388672 0.087891 0.199219
2 0.590820 0.666016 0.048828 0.199219
2 0.733398 0.658203 0.056641 0.222656
2 0.675781 0.658203 0.062500 0.230469
2 0.628906 0.662109 0.035156 0.230469
2 0.586914 0.667969 0.044922 0.195312
2 0.337891 0.644531 0.062500 0.210938
0 0.773438 0.462891 0.082031 0.207031
0 0.373047 0.369141 0.039062 0.222656
0 0.278320 0.412109 0.083984 0.214844
0 0.234375 0.480469 0.074219 0.195312
0 0.626953 0.369141 0.035156 0.246094
3 0.449219 0.664062 0.031250 0.234375
3 0.413086 0.671875 0.037109 0.257812
0 0.284180 0.669922 0.052734 0.214844
