0 0.769531 0.537109 0.085938 0.253906
0 0.749023 0.271484 0.048828 0.222656
0 0.399414 0.552734 0.029297 0.207031
0 0.378906 0.296875 0.042969 0.242188
0 0.304688 0.580078 0.070312 0.253906
0 0.245117 0.531250 0.072266 0.218750
0 0.250977 0.289062 0.056641 0.210938
0 0.298828 0.296875 0.046875 0.234375
0 0.342773 0.296875 0.041016 0.242188
0 0.361328 0.591797 0.035156 0.261719
0 0.705078 0.292969 0.042969 0.226562
0 0.707031 0.572266 0.078125 0.261719
0 0.652344 0.595703 0.042969 0.292969
0 0.613281 0.541016 0.027344 0.199219
0 0.664062 0.287109 0.035156 0.238281
0 0.629883 0.294922 0.033203 0.246094
