0 0.230469 0.462891 0.085938 0.253906
0 0.250977 0.728516 0.048828 0.222656
0 0.600586 0.447266 0.029297 0.207031
0 0.621094 0.703125 0.042969 0.242188
0 0.695312 0.419922 0.070312 0.253906
0 0.754883 0.468750 0.072266 0.218750
0 0.749023 0.710938 0.056641 0.210938
0 0.701172 0.703125 0.046875 0.234375
0 0.657227 0.703125 0.041016 0.242188
0 0.638672 0.408203 0.035156 0.261719
0 0.294922 0.707031 0.042969 0.226562
0 0.292969 0.427734 0.078125 0.261719
0 0.347656 0.404297 0.042969 0.292969
0 0.386719 0.458984 0.027344 0.199219
0 0.335938 0.712891 0.035156 0.238281
0 0.370117 0.705078 0.033203 0.246094
