3 0.250977 0.423828 0.021484 0.105469
3 0.290039 0.416016 0.052734 0.097656
0 0.366211 0.611328 0.033203 0.191406
0 0.661133 0.617188 0.072266 0.218750
0 0.770508 0.457031 0.091797 0.171875
3 0.429688 0.642578 0.031250 0.199219
0 0.651367 0.412109 0.037109 0.199219
0 0.330078 0.599609 0.031250 0.175781
3 0.364258 0.412109 0.029297 0.183594
3 0.467773 0.644531 0.041016 0.203125
3 0.514648 0.630859 0.041016 0.175781
3 0.552734 0.652344 0.039062 0.187500
3 0.756836 0.613281 0.041016 0.117188
3 0.332031 0.416016 0.035156 0.183594
3 0.239258 0.603516 0.041016 0.113281
3 0.397461 0.640625 0.041016 0.218750
