2 0.449219 0.500000 0.027344 0.171875
2 0.538086 0.503906 0.025391 0.156250
0 0.279297 0.382812 0.058594 0.140625
0 0.322266 0.353516 0.070312 0.144531
0 0.367188 0.324219 0.082031 0.164062
0 0.620117 0.494141 0.037109 0.160156
0 0.656250 0.486328 0.039062 0.152344
0 0.693359 0.505859 0.042969 0.160156
0 0.405273 0.494141 0.029297 0.160156
0 0.376953 0.490234 0.035156 0.160156
0 0.338867 0.509766 0.044922 0.160156
0 0.425781 0.324219 0.031250 0.164062
0 0.620117 0.300781 0.037109 0.179688
0 0.296875 0.519531 0.042969 0.148438
