2 0.550781 0.500000 0.027344 0.171875
2 0.461914 0.503906 0.025391 0.156250
0 0.720703 0.382812 0.058594 0.140625
0 0.677734 0.353516 0.070312 0.144531
0 0.632812 0.324219 0.082031 0.164062
0 0.379883 0.494141 0.037109 0.160156
0 0.343750 0.486328 0.039062 0.152344
0 0.306641 0.505859 0.042969 0.160156
0 0.594727 0.494141 0.029297 0.160156
0 0.623047 0.490234 0.035156 0.160156
0 0.661133 0.509766 0.044922 0.160156
0 0.574219 0.324219 0.031250 0.164062
0 0.379883 0.300781 0.037109 0.179688
0 0.703125 0.519531 0.042969 0.148438
