2 0.288086 0.654297 0.060547 0.207031
2 0.405273 0.517578 0.037109 0.191406
2 0.509766 0.539062 0.027344 0.156250
2 0.582031 0.525391 0.035156 0.175781
4 0.757812 0.693359 0.078125 0.113281
4 0.245117 0.701172 0.060547 0.113281
0 0.333008 0.673828 0.076172 0.175781
0 0.341797 0.507812 0.042969 0.156250
0 0.299805 0.488281 0.044922 0.132812
0 0.375000 0.513672 0.031250 0.167969
0 0.535156 0.537109 0.027344 0.152344
0 0.555664 0.529297 0.021484 0.160156
0 0.662109 0.691406 0.082031 0.171875
0 0.584961 0.703125 0.033203 0.156250
0 0.674805 0.515625 0.048828 0.156250
0 0.617188 0.531250 0.031250 0.156250
0 0.399414 0.691406 0.033203 0.171875
