2 0.711914 0.654297 0.060547 0.207031
2 0.594727 0.517578 0.037109 0.191406
2 0.490234 0.539062 0.027344 0.156250
2 0.417969 0.525391 0.035156 0.175781
4 0.242188 0.693359 0.078125 0.113281
4 0.754883 0.701172 0.060547 0.113281
0 0.666992 0.673828 0.076172 0.175781
0 0.658203 0.507812 0.042969 0.156250
0 0.700195 0.488281 0.044922 0.132812
0 0.625000 0.513672 0.031250 0.167969
0 0.464844 0.537109 0.027344 0.152344
0 0.444336 0.529297 0.021484 0.160156
0 0.337891 0.691406 0.082031 0.171875
0 0.415039 0.703125 0.033203 0.156250
0 0.325195 0.515625 0.048828 0.156250
0 0.382812 0.531250 0.031250 0.156250
0 0.600586 0.691406 0.033203 0.171875
