0 0.653320 0.541016 0.029297 0.191406
0 0.278320 0.380859 0.052734 0.136719
0 0.326172 0.353516 0.054688 0.136719
0 0.397461 0.339844 0.037109 0.179688
0 0.364258 0.373047 0.025391 0.113281
2 0.610352 0.337891 0.029297 0.160156
0 0.639648 0.351562 0.033203 0.148438
2 0.688477 0.544922 0.044922 0.191406
0 0.668945 0.398438 0.033203 0.070312
3 0.285156 0.527344 0.027344 0.101562
3 0.313477 0.527344 0.029297 0.093750
3 0.571289 0.556641 0.025391 0.152344
3 0.599609 0.539062 0.027344 0.164062
0 0.599609 0.537109 0.027344 0.167969
0 0.626953 0.500000 0.027344 0.109375
0 0.715820 0.394531 0.056641 0.132812
