0 0.346680 0.458984 0.029297 0.191406
0 0.721680 0.619141 0.052734 0.136719
0 0.673828 0.646484 0.054688 0.136719
0 0.602539 0.660156 0.037109 0.179688
0 0.635742 0.626953 0.025391 0.113281
2 0.389648 0.662109 0.029297 0.160156
0 0.360352 0.648438 0.033203 0.148438
2 0.311523 0.455078 0.044922 0.191406
0 0.331055 0.601562 0.033203 0.070312
3 0.714844 0.472656 0.027344 0.101562
3 0.686523 0.472656 0.029297 0.093750
3 0.428711 0.443359 0.025391 0.152344
3 0.400391 0.460938 0.027344 0.164062
0 0.400391 0.462891 0.027344 0.167969
0 0.373047 0.500000 0.027344 0.109375
0 0.284180 0.605469 0.056641 0.132812
