0 0.284180 0.375000 0.068359 0.156250
0 0.333008 0.367188 0.037109 0.140625
0 0.366211 0.373047 0.041016 0.136719
0 0.400391 0.365234 0.035156 0.160156
0 0.757812 0.353516 0.070312 0.136719
0 0.705078 0.365234 0.039062 0.074219
0 0.666992 0.357422 0.037109 0.066406
0 0.753906 0.507812 0.054688 0.132812
0 0.470703 0.541016 0.042969 0.167969
2 0.694336 0.500000 0.056641 0.148438
2 0.652344 0.517578 0.039062 0.152344
2 0.615234 0.529297 0.042969 0.144531
2 0.368164 0.550781 0.037109 0.171875
2 0.337891 0.539062 0.027344 0.148438
2 0.629883 0.322266 0.041016 0.152344
