0 0.666992 0.458984 0.056641 0.152344
0 0.610352 0.640625 0.044922 0.187500
0 0.576172 0.636719 0.039062 0.179688
0 0.394531 0.650391 0.031250 0.191406
0 0.400391 0.464844 0.046875 0.132812
0 0.358398 0.460938 0.044922 0.156250
0 0.285156 0.468750 0.062500 0.171875
0 0.591797 0.427734 0.050781 0.183594
0 0.358398 0.646484 0.037109 0.183594
3 0.512695 0.437500 0.033203 0.179688
3 0.478516 0.443359 0.035156 0.175781
3 0.542969 0.431641 0.031250 0.183594
0 0.715820 0.630859 0.068359 0.160156
0 0.716797 0.455078 0.046875 0.152344
0 0.424805 0.644531 0.033203 0.187500
3 0.660156 0.625000 0.058594 0.156250
