2 0.423828 0.441406 0.039062 0.218750
2 0.285156 0.490234 0.050781 0.160156
2 0.303711 0.687500 0.064453 0.187500
0 0.503906 0.652344 0.035156 0.187500
0 0.524414 0.650391 0.021484 0.199219
0 0.543945 0.662109 0.025391 0.214844
0 0.575195 0.685547 0.037109 0.246094
2 0.602539 0.708984 0.025391 0.183594
2 0.633789 0.705078 0.029297 0.183594
2 0.672852 0.712891 0.044922 0.183594
0 0.358398 0.705078 0.056641 0.183594
2 0.405273 0.697266 0.041016 0.183594
2 0.442383 0.693359 0.037109 0.207031
2 0.334961 0.480469 0.048828 0.187500
2 0.366211 0.476562 0.044922 0.195312
2 0.399414 0.472656 0.041016 0.195312
0 0.460938 0.486328 0.031250 0.113281
0 0.488281 0.480469 0.027344 0.117188
0 0.519531 0.476562 0.035156 0.117188
2 0.551758 0.441406 0.033203 0.179688
2 0.611328 0.466797 0.039062 0.191406
2 0.648438 0.462891 0.035156 0.199219
0 0.679688 0.462891 0.042969 0.191406
