2 0.449219 0.423828 0.031250 0.277344
2 0.393555 0.410156 0.044922 0.250000
2 0.586914 0.398438 0.041016 0.273438
2 0.517578 0.417969 0.042969 0.296875
0 0.335938 0.408203 0.050781 0.175781
0 0.296875 0.369141 0.050781 0.167969
0 0.273438 0.531250 0.074219 0.164062
0 0.323242 0.585938 0.076172 0.171875
0 0.362305 0.615234 0.052734 0.167969
0 0.694336 0.351562 0.064453 0.164062
0 0.654297 0.376953 0.054688 0.191406
0 0.621094 0.396484 0.039062 0.199219
0 0.707031 0.513672 0.085938 0.167969
0 0.658203 0.562500 0.082031 0.171875
0 0.612305 0.591797 0.052734 0.160156
0 0.579102 0.632812 0.052734 0.164062
0 0.548828 0.652344 0.054688 0.156250
0 0.510742 0.654297 0.029297 0.136719
0 0.485352 0.650391 0.025391 0.121094
0 0.461914 0.652344 0.029297 0.132812
0 0.423828 0.656250 0.046875 0.171875
0 0.391602 0.644531 0.048828 0.179688
0 0.552734 0.474609 0.031250 0.144531
0 0.479492 0.484375 0.037109 0.156250
0 0.416992 0.494141 0.033203 0.128906
0 0.367188 0.468750 0.039062 0.109375
