2 0.449219 0.576172 0.031250 0.277344
2 0.393555 0.589844 0.044922 0.250000
2 0.586914 0.601562 0.041016 0.273438
2 0.517578 0.582031 0.042969 0.296875
0 0.335938 0.591797 0.050781 0.175781
0 0.296875 0.630859 0.050781 0.167969
0 0.273438 0.468750 0.074219 0.164062
0 0.323242 0.414062 0.076172 0.171875
0 0.362305 0.384766 0.052734 0.167969
0 0.694336 0.648438 0.064453 0.164062
0 0.654297 0.623047 0.054688 0.191406
0 0.621094 0.603516 0.039062 0.199219
0 0.707031 0.486328 0.085938 0.167969
0 0.658203 0.437500 0.082031 0.171875
0 0.612305 0.408203 0.052734 0.160156
0 0.579102 0.367188 0.052734 0.164062
0 0.548828 0.347656 0.054688 0.156250
0 0.510742 0.345703 0.029297 0.136719
0 0.485352 0.349609 0.025391 0.121094
0 0.461914 0.347656 0.029297 0.132812
0 0.423828 0.343750 0.046875 0.171875
0 0.391602 0.355469 0.048828 0.179688
0 0.552734 0.525391 0.031250 0.144531
0 0.479492 0.515625 0.037109 0.156250
0 0.416992 0.505859 0.033203 0.128906
0 0.367188 0.531250 0.039062 0.109375
