2 0.323242 0.394531 0.068359 0.148438
0 0.691406 0.404297 0.066406 0.136719
0 0.637695 0.402344 0.041016 0.070312
0 0.603516 0.375000 0.027344 0.148438
0 0.480469 0.542969 0.027344 0.140625
0 0.424805 0.541016 0.025391 0.167969
2 0.448242 0.373047 0.033203 0.160156
0 0.307617 0.539062 0.052734 0.140625
0 0.373047 0.505859 0.027344 0.082031
2 0.394531 0.554688 0.035156 0.179688
0 0.376953 0.384766 0.062500 0.160156
0 0.561523 0.546875 0.037109 0.179688
0 0.344727 0.511719 0.029297 0.093750
0 0.580078 0.351562 0.019531 0.179688
