0 0.742188 0.279297 0.058594 0.285156
0 0.676758 0.281250 0.044922 0.296875
0 0.393555 0.318359 0.033203 0.222656
0 0.360352 0.296875 0.044922 0.281250
0 0.281250 0.300781 0.054688 0.234375
0 0.284180 0.603516 0.076172 0.269531
0 0.339844 0.611328 0.074219 0.269531
0 0.400391 0.636719 0.066406 0.257812
0 0.688477 0.593750 0.076172 0.242188
0 0.739258 0.583984 0.068359 0.246094
0 0.795898 0.548828 0.087891 0.238281
0 0.612305 0.626953 0.044922 0.261719
0 0.232422 0.568359 0.070312 0.222656
2 0.645508 0.628906 0.041016 0.265625
3 0.424805 0.306641 0.041016 0.261719
