0 0.257812 0.279297 0.058594 0.285156
0 0.323242 0.281250 0.044922 0.296875
0 0.606445 0.318359 0.033203 0.222656
0 0.639648 0.296875 0.044922 0.281250
0 0.718750 0.300781 0.054688 0.234375
0 0.715820 0.603516 0.076172 0.269531
0 0.660156 0.611328 0.074219 0.269531
0 0.599609 0.636719 0.066406 0.257812
0 0.311523 0.593750 0.076172 0.242188
0 0.260742 0.583984 0.068359 0.246094
0 0.204102 0.548828 0.087891 0.238281
0 0.387695 0.626953 0.044922 0.261719
0 0.767578 0.568359 0.070312 0.222656
2 0.354492 0.628906 0.041016 0.265625
3 0.575195 0.306641 0.041016 0.261719
