2 0.660156 0.679688 0.070312 0.171875
0 0.309570 0.617188 0.091797 0.156250
2 0.388672 0.417969 0.027344 0.203125
2 0.619141 0.455078 0.039062 0.183594
2 0.593750 0.464844 0.027344 0.164062
2 0.704102 0.458984 0.064453 0.183594
2 0.412109 0.664062 0.035156 0.171875
0 0.374023 0.626953 0.044922 0.074219
0 0.653320 0.488281 0.044922 0.085938
0 0.417969 0.443359 0.031250 0.136719
0 0.613281 0.677734 0.031250 0.175781
0 0.586914 0.691406 0.025391 0.164062
0 0.445312 0.433594 0.023438 0.171875
0 0.568359 0.474609 0.027344 0.175781
