2 0.540039 0.404297 0.041016 0.207031
0 0.505859 0.447266 0.027344 0.121094
2 0.355469 0.458984 0.078125 0.175781
0 0.455078 0.599609 0.039062 0.144531
0 0.698242 0.498047 0.041016 0.175781
0 0.662109 0.492188 0.042969 0.164062
0 0.633789 0.478516 0.037109 0.175781
2 0.609375 0.455078 0.035156 0.183594
0 0.584961 0.439453 0.033203 0.175781
0 0.560547 0.419922 0.031250 0.175781
0 0.450195 0.468750 0.037109 0.109375
0 0.402344 0.443359 0.058594 0.160156
2 0.481445 0.419922 0.025391 0.183594
2 0.687500 0.677734 0.042969 0.152344
3 0.343750 0.644531 0.058594 0.125000
0 0.721680 0.626953 0.052734 0.136719
3 0.618164 0.662109 0.033203 0.136719
