0 0.700195 0.357422 0.064453 0.175781
0 0.672852 0.539062 0.033203 0.187500
2 0.645508 0.326172 0.052734 0.207031
0 0.605469 0.314453 0.035156 0.214844
0 0.341797 0.560547 0.058594 0.214844
0 0.343750 0.328125 0.078125 0.210938
2 0.294922 0.580078 0.050781 0.207031
0 0.391602 0.312500 0.044922 0.234375
0 0.708008 0.558594 0.041016 0.210938
0 0.244141 0.429688 0.082031 0.179688
0 0.288086 0.353516 0.083984 0.214844
0 0.638672 0.533203 0.031250 0.183594
0 0.573242 0.312500 0.037109 0.210938
0 0.611328 0.529297 0.027344 0.199219
