0 0.291016 0.535156 0.054688 0.148438
0 0.340820 0.521484 0.056641 0.175781
0 0.419922 0.484375 0.042969 0.187500
0 0.385742 0.503906 0.033203 0.171875
0 0.404297 0.687500 0.031250 0.179688
2 0.368164 0.699219 0.037109 0.171875
0 0.338867 0.662109 0.025391 0.074219
0 0.296875 0.687500 0.066406 0.140625
0 0.684570 0.523438 0.060547 0.156250
0 0.677734 0.658203 0.035156 0.082031
0 0.598633 0.474609 0.033203 0.207031
0 0.487305 0.486328 0.041016 0.175781
0 0.532227 0.486328 0.041016 0.160156
2 0.643555 0.691406 0.033203 0.187500
0 0.611328 0.677734 0.031250 0.175781
0 0.578125 0.693359 0.042969 0.207031
0 0.643555 0.539062 0.025391 0.078125
0 0.623047 0.531250 0.019531 0.085938
0 0.565430 0.478516 0.029297 0.191406
