0 0.708984 0.535156 0.054688 0.148438
0 0.659180 0.521484 0.056641 0.175781
0 0.580078 0.484375 0.042969 0.187500
0 0.614258 0.503906 0.033203 0.171875
0 0.595703 0.687500 0.031250 0.179688
2 0.631836 0.699219 0.037109 0.171875
0 0.661133 0.662109 0.025391 0.074219
0 0.703125 0.687500 0.066406 0.140625
0 0.315430 0.523438 0.060547 0.156250
0 0.322266 0.658203 0.035156 0.082031
0 0.401367 0.474609 0.033203 0.207031
0 0.512695 0.486328 0.041016 0.175781
0 0.467773 0.486328 0.041016 0.160156
2 0.356445 0.691406 0.033203 0.187500
0 0.388672 0.677734 0.031250 0.175781
0 0.421875 0.693359 0.042969 0.207031
0 0.356445 0.539062 0.025391 0.078125
0 0.376953 0.531250 0.019531 0.085938
0 0.434570 0.478516 0.029297 0.191406
