0 0.708984 0.464844 0.054688 0.148438
0 0.659180 0.478516 0.056641 0.175781
0 0.580078 0.515625 0.042969 0.187500
0 0.614258 0.496094 0.033203 0.171875
0 0.595703 0.312500 0.031250 0.179688
2 0.631836 0.300781 0.037109 0.171875
0 0.661133 0.337891 0.025391 0.074219
0 0.703125 0.312500 0.066406 0.140625
0 0.315430 0.476562 0.060547 0.156250
0 0.322266 0.341797 0.035156 0.082031
0 0.401367 0.525391 0.033203 0.207031
0 0.512695 0.513672 0.041016 0.175781
0 0.467773 0.513672 0.041016 0.160156
2 0.356445 0.308594 0.033203 0.187500
0 0.388672 0.322266 0.031250 0.175781
0 0.421875 0.306641 0.042969 0.207031
0 0.356445 0.460938 0.025391 0.078125
0 0.376953 0.468750 0.019531 0.085938
0 0.434570 0.521484 0.029297 0.191406
