0 0.289062 0.390625 0.066406 0.203125
0 0.341797 0.367188 0.066406 0.203125
0 0.385742 0.369141 0.029297 0.207031
0 0.279297 0.585938 0.054688 0.195312
0 0.698242 0.384766 0.056641 0.175781
0 0.649414 0.373047 0.056641 0.191406
0 0.608398 0.375000 0.029297 0.203125
0 0.669922 0.582031 0.054688 0.195312
0 0.603516 0.582031 0.035156 0.195312
0 0.330078 0.583984 0.050781 0.191406
0 0.504883 0.439453 0.005859 0.003906
0 0.633789 0.578125 0.033203 0.203125
0 0.416016 0.367188 0.031250 0.218750
0 0.579102 0.371094 0.029297 0.218750
0 0.389648 0.582031 0.033203 0.203125
