0 0.710938 0.390625 0.066406 0.203125
0 0.658203 0.367188 0.066406 0.203125
0 0.614258 0.369141 0.029297 0.207031
0 0.720703 0.585938 0.054688 0.195312
0 0.301758 0.384766 0.056641 0.175781
0 0.350586 0.373047 0.056641 0.191406
0 0.391602 0.375000 0.029297 0.203125
0 0.330078 0.582031 0.054688 0.195312
0 0.396484 0.582031 0.035156 0.195312
0 0.669922 0.583984 0.050781 0.191406
0 0.495117 0.439453 0.005859 0.003906
0 0.366211 0.578125 0.033203 0.203125
0 0.583984 0.367188 0.031250 0.218750
0 0.420898 0.371094 0.029297 0.218750
0 0.610352 0.582031 0.033203 0.203125
