0 0.290039 0.650391 0.068359 0.160156
0 0.333984 0.695312 0.078125 0.156250
0 0.378906 0.724609 0.039062 0.175781
0 0.408203 0.736328 0.042969 0.167969
0 0.613281 0.726562 0.035156 0.171875
0 0.698242 0.523438 0.037109 0.203125
0 0.655273 0.521484 0.041016 0.199219
0 0.620117 0.525391 0.037109 0.175781
0 0.596680 0.513672 0.029297 0.152344
0 0.440430 0.505859 0.025391 0.183594
0 0.402344 0.507812 0.023438 0.179688
0 0.375000 0.513672 0.027344 0.175781
0 0.353516 0.503906 0.023438 0.156250
0 0.581055 0.724609 0.021484 0.175781
