2 0.362305 0.468750 0.041016 0.164062
2 0.324219 0.492188 0.035156 0.171875
0 0.697266 0.457031 0.042969 0.125000
2 0.658203 0.476562 0.050781 0.164062
2 0.534180 0.457031 0.033203 0.156250
0 0.288086 0.482422 0.041016 0.160156
3 0.645508 0.289062 0.068359 0.156250
0 0.593750 0.464844 0.031250 0.140625
3 0.572266 0.281250 0.027344 0.148438
0 0.692383 0.316406 0.052734 0.125000
0 0.645508 0.289062 0.068359 0.156250
0 0.600586 0.275391 0.037109 0.152344
0 0.573242 0.279297 0.029297 0.144531
0 0.415039 0.273438 0.029297 0.140625
0 0.385742 0.279297 0.037109 0.136719
0 0.470703 0.457031 0.031250 0.156250
0 0.387695 0.458984 0.025391 0.144531
0 0.619141 0.457031 0.031250 0.140625
0 0.563477 0.457031 0.033203 0.156250
3 0.562500 0.458984 0.035156 0.160156
