0 0.697266 0.343750 0.058594 0.187500
0 0.582031 0.347656 0.039062 0.179688
0 0.551758 0.396484 0.025391 0.074219
0 0.526367 0.394531 0.025391 0.093750
0 0.500000 0.398438 0.027344 0.093750
0 0.477539 0.398438 0.021484 0.085938
2 0.375977 0.337891 0.041016 0.191406
0 0.347656 0.386719 0.027344 0.085938
0 0.266602 0.371094 0.087891 0.171875
0 0.650391 0.347656 0.046875 0.171875
0 0.450195 0.353516 0.033203 0.183594
0 0.320312 0.388672 0.027344 0.074219
0 0.416992 0.347656 0.033203 0.179688
0 0.616211 0.359375 0.033203 0.156250
