0 0.735352 0.498047 0.044922 0.167969
0 0.694336 0.505859 0.041016 0.175781
0 0.702148 0.326172 0.056641 0.152344
0 0.646484 0.330078 0.054688 0.160156
0 0.606445 0.328125 0.041016 0.179688
0 0.575195 0.335938 0.037109 0.187500
0 0.650391 0.498047 0.050781 0.128906
0 0.608398 0.517578 0.037109 0.152344
0 0.583008 0.515625 0.021484 0.132812
0 0.503906 0.531250 0.027344 0.171875
0 0.404297 0.339844 0.031250 0.187500
0 0.365234 0.318359 0.046875 0.183594
0 0.320312 0.312500 0.050781 0.164062
0 0.252930 0.505859 0.041016 0.152344
0 0.293945 0.501953 0.044922 0.160156
0 0.338867 0.500000 0.048828 0.164062
0 0.377930 0.523438 0.033203 0.164062
0 0.422852 0.527344 0.029297 0.148438
2 0.474609 0.535156 0.031250 0.179688
0 0.554688 0.533203 0.035156 0.167969
