0 0.264648 0.498047 0.044922 0.167969
0 0.305664 0.505859 0.041016 0.175781
0 0.297852 0.326172 0.056641 0.152344
0 0.353516 0.330078 0.054688 0.160156
0 0.393555 0.328125 0.041016 0.179688
0 0.424805 0.335938 0.037109 0.187500
0 0.349609 0.498047 0.050781 0.128906
0 0.391602 0.517578 0.037109 0.152344
0 0.416992 0.515625 0.021484 0.132812
0 0.496094 0.531250 0.027344 0.171875
0 0.595703 0.339844 0.031250 0.187500
0 0.634766 0.318359 0.046875 0.183594
0 0.679688 0.312500 0.050781 0.164062
0 0.747070 0.505859 0.041016 0.152344
0 0.706055 0.501953 0.044922 0.160156
0 0.661133 0.500000 0.048828 0.164062
0 0.622070 0.523438 0.033203 0.164062
0 0.577148 0.527344 0.029297 0.148438
2 0.525391 0.535156 0.031250 0.179688
0 0.445312 0.533203 0.035156 0.167969
