0 0.250977 0.548828 0.048828 0.175781
2 0.277344 0.347656 0.066406 0.171875
2 0.291992 0.531250 0.041016 0.171875
2 0.359375 0.535156 0.031250 0.171875
0 0.614258 0.322266 0.048828 0.207031
0 0.608398 0.533203 0.041016 0.183594
0 0.691406 0.519531 0.054688 0.156250
0 0.708008 0.332031 0.072266 0.187500
0 0.772461 0.369141 0.087891 0.167969
0 0.725586 0.281250 0.001953 0.007812
0 0.328125 0.542969 0.035156 0.187500
0 0.345703 0.341797 0.035156 0.167969
0 0.647461 0.523438 0.037109 0.164062
0 0.743164 0.529297 0.052734 0.175781
0 0.224609 0.386719 0.085938 0.164062
0 0.655273 0.375000 0.041016 0.085938
0 0.318359 0.390625 0.023438 0.070312
